0.0000 4.7246
1.0101 4.1430
2.0202 3.0169
3.0303 18.2617
4.0404 27.1230
5.0505 32.9831
6.0606 36.7644
7.0707 32.9680
8.0808 41.3320
9.0909 34.4671
10.1010 28.6471
11.1111 31.8258
12.1212 36.9046
13.1313 44.2110
14.1414 51.0787
15.1515 32.7267
16.1616 52.1592
17.1717 59.8952
18.1818 65.0075
19.1919 51.0333
20.2020 70.9930
21.2121 55.7125
22.2222 77.4781
23.2323 88.9159
24.2424 59.6518
25.2525 94.9314
26.2626 91.0649
27.2727 90.6265
28.2828 99.5853
29.2929 94.2429
30.3030 100.1579
31.3131 96.8756
32.3232 116.4524
33.3333 116.0847
34.3434 99.6082
35.3535 118.0832
36.3636 114.3756
37.3737 103.5880
38.3838 122.7020
39.3939 119.9907
40.4040 123.3656
41.4141 134.4813
42.4242 122.8257
43.4343 132.8143
44.4444 118.6855
45.4545 163.5097
46.4646 158.9790
47.4747 143.4295
48.4848 151.7632
49.4949 148.8426
50.5051 141.4887
51.5152 157.0919
52.5253 160.8108
53.5354 173.2114
54.5455 161.0770
55.5556 179.8847
56.5657 152.0233
57.5758 174.6132
58.5859 179.8978
59.5960 177.9745
60.6061 173.2013
61.6162 201.8955
62.6263 202.6611
63.6364 167.6257
64.6465 202.6422
65.6566 211.6173
66.6667 212.2213
67.6768 206.1648
68.6869 223.7978
69.6970 223.9928
70.7071 196.5463
71.7172 228.8925
72.7273 236.1563
73.7374 214.8702
74.7475 216.8035
75.7576 222.3747
76.7677 232.6389
77.7778 230.8566
78.7879 252.5315
79.7980 232.9534
80.8081 247.7189
81.8182 257.6658
82.8283 256.3710
83.8384 254.3976
84.8485 249.9519
85.8586 262.3162
86.8687 251.0824
87.8788 261.3117
88.8889 258.9982
89.8990 277.0969
90.9091 292.7541
91.9192 281.4991
92.9293 288.8497
93.9394 281.8970
94.9495 303.0276
95.9596 307.0506
96.9697 293.6834
97.9798 299.5709
98.9899 310.2222
100.0000 303.6878
